 |   1    TIME |   2    RHOC |   3   SIGRC |   4   SIGTC |   5    EPOT |   6    EKIN 
 |   7   ETERM |   8   DEPOT |   9   DEKIN |  10   DEKIN |  11 CC-RATE |  12    TTRX 
 |  13   MHOLE |  14   DMTOT |  15  DMHOLE |  16  DMHOLE |  17  DMHOLE |  18  DMHOLE 
 |  19  DMHOLE |  20       U |  21       V |  22       W |  23 TOR(  1)|  24 TOR(  2)
 |  25 TOR(  5)|  26 TOR( 10)|  27 TOR( 20)|  28 TOR( 29)|  29 TOR( 40)|  30 TOR( 50)
 |  31 TOR( 75)|  32 TOR( 90)|  33         |  34         |  35         |  36         
 |  37         |  38         |  39         |  40         |  41         |  42         
 |  43  1R(  1)|  44  1R(  2)|  45  1R(  5)|  46  1R( 10)|  47  1R( 20)|  48  1R( 29)
 |  49  1R( 40)|  50  1R( 50)|  51  1R( 75)|  52  1R( 90)|  53 1 1SGR2 |  54 1 1SGT2 
 |  55 1 1 ANI |  56 1 1 TAN |  57 1 1 TAN2|  58 1 1TX/TA|  59 1 1TX/T2|  60 1 1 QUPA
 |  61 1 1QFRPA|  62 1 1QFTPA|  63 1 1QF/PA|  64 1 1L/TAN|  65 1 11/TAN|  66 1 1  QU 
 |  67 1 1 QFR |  68 1 1 QFT |  69 1 1  VR |  70 1 1  VT |  71 1 1 ANIL|  72 1 2SGR2 
 |  73 1 2SGT2 |  74 1 2 ANI |  75 1 2 TAN |  76 1 2 TAN2|  77 1 2TX/TA|  78 1 2TX/T2
 |  79 1 2 QUPA|  80 1 2QFRPA|  81 1 2QFTPA|  82 1 2QF/PA|  83 1 2L/TAN|  84 1 21/TAN
 |  85 1 2  QU |  86 1 2 QFR |  87 1 2 QFT |  88 1 2  VR |  89 1 2  VT |  90 1 2 ANIL
 |  91 1 3SGR2 |  92 1 3SGT2 |  93 1 3 ANI |  94 1 3 TAN |  95 1 3 TAN2|  96 1 3TX/TA
 |  97 1 3TX/T2|  98 1 3 QUPA|  99 1 3QFRPA| 100 1 3QFTPA| 101 1 3QF/PA| 102 1 3L/TAN
 | 103 1 31/TAN| 104 1 3  QU | 105 1 3 QFR | 106 1 3 QFT | 107 1 3  VR | 108 1 3  VT 
 | 109 1 3 ANIL| 110 1 4SGR2 | 111 1 4SGT2 | 112 1 4 ANI | 113 1 4 TAN | 114 1 4 TAN2
 | 115 1 4TX/TA| 116 1 4TX/T2| 117 1 4 QUPA| 118 1 4QFRPA| 119 1 4QFTPA| 120 1 4QF/PA
 | 121 1 4L/TAN| 122 1 41/TAN| 123 1 4  QU | 124 1 4 QFR | 125 1 4 QFT | 126 1 4  VR 
 | 127 1 4  VT | 128 1 4 ANIL| 129 1 5SGR2 | 130 1 5SGT2 | 131 1 5 ANI | 132 1 5 TAN 
 | 133 1 5 TAN2| 134 1 5TX/TA| 135 1 5TX/T2| 136 1 5 QUPA| 137 1 5QFRPA| 138 1 5QFTPA
 | 139 1 5QF/PA| 140 1 5L/TAN| 141 1 51/TAN| 142 1 5  QU | 143 1 5 QFR | 144 1 5 QFT 
 | 145 1 5  VR | 146 1 5  VT | 147 1 5 ANIL| 148 1 6SGR2 | 149 1 6SGT2 | 150 1 6 ANI 
 | 151 1 6 TAN | 152 1 6 TAN2| 153 1 6TX/TA| 154 1 6TX/T2| 155 1 6 QUPA| 156 1 6QFRPA
 | 157 1 6QFTPA| 158 1 6QF/PA| 159 1 6L/TAN| 160 1 61/TAN| 161 1 6  QU | 162 1 6 QFR 
 | 163 1 6 QFT | 164 1 6  VR | 165 1 6  VT | 166 1 6 ANIL| 167 1 7SGR2 | 168 1 7SGT2 
 | 169 1 7 ANI | 170 1 7 TAN | 171 1 7 TAN2| 172 1 7TX/TA| 173 1 7TX/T2| 174 1 7 QUPA
 | 175 1 7QFRPA| 176 1 7QFTPA| 177 1 7QF/PA| 178 1 7L/TAN| 179 1 71/TAN| 180 1 7  QU 
 | 181 1 7 QFR | 182 1 7 QFT | 183 1 7  VR | 184 1 7  VT | 185 1 7 ANIL| 186 1 8SGR2 
 | 187 1 8SGT2 | 188 1 8 ANI | 189 1 8 TAN | 190 1 8 TAN2| 191 1 8TX/TA| 192 1 8TX/T2
 | 193 1 8 QUPA| 194 1 8QFRPA| 195 1 8QFTPA| 196 1 8QF/PA| 197 1 8L/TAN| 198 1 81/TAN
 | 199 1 8  QU | 200 1 8 QFR | 201 1 8 QFT | 202 1 8  VR | 203 1 8  VT | 204 1 8 ANIL
 | 205 1 9SGR2 | 206 1 9SGT2 | 207 1 9 ANI | 208 1 9 TAN | 209 1 9 TAN2| 210 1 9TX/TA
 | 211 1 9TX/T2| 212 1 9 QUPA| 213 1 9QFRPA| 214 1 9QFTPA| 215 1 9QF/PA| 216 1 9L/TAN
 | 217 1 91/TAN| 218 1 9  QU | 219 1 9 QFR | 220 1 9 QFT | 221 1 9  VR | 222 1 9  VT 
 | 223 1 9 ANIL| 224 110SGR2 | 225 110SGT2 | 226 110 ANI | 227 110 TAN | 228 110 TAN2
 | 229 110TX/TA| 230 110TX/T2| 231 110 QUPA| 232 110QFRPA| 233 110QFTPA| 234 110QF/PA
 | 235 110L/TAN| 236 1101/TAN| 237 110  QU | 238 110 QFR | 239 110 QFT | 240 110  VR 
 | 241 110  VT | 242 110 ANIL| 243 TOTMESC | 244 TOTEESC | 245   DMESC | 246   DEESC 
 | 247 EKICK   | 248 EBINR+T | 249 BH:EDIFF| 250 BH:LOSSC| 251 ENERESC | 252 BH:GRRAD
 | 253 BI:INDHS| 254 BI:INDHB| 255  PHICEN | 256       X | 257 1 MAV   | 258 2 MAV   
 | 259 3 MAV   | 260 4 MAV   | 261 5 MAV   | 262 6 MAV   | 263 7 MAV   | 264 8 MAV   
 | 265 9 MAV   | 26610 MAV   | 267 1 RC    | 268 1 SGC   | 269 1 NC    | 270 1 MC    
 | 271 2 RC    | 272 2 SGC   | 273 2 NC    | 274 2 MC    | 275 -DPTOT  | 276  XMERR  
 | 277  XEERR  | 278  XMERR2 | 279  XEERR2 | 280  XMERR3 | 281  XEERR3 | 282  XMERR4 
 | 283  XEERR4 | 284   MTOT  | 285 MBINTOT | 286 BETA_10 | 287 BETA_H  | 288 BETA    
 | 289 MBAR_10 | 290 MBAR_H  | 291 MBAR    | 292 RTIDAL  | 293 PHTIDAL | 294         
 | 295         | 296         | 297         | 298         | 299         | 300         
 | 301         | 302         | 303         | 304         | 305         | 306         
 | 307         | 308         | 309         | 310         | 311         | 312         
 | 313         | 314         | 315         | 316         | 317         | 318         
 | 319         | 320         | 321         | 322         | 323         | 324         
 | 325         | 326         | 327         | 328         | 329         | 330         
 | 331         | 332         | 333         | 334         | 335         | 336         
 | 337         | 338         | 339         | 340         | 341         | 342         
 | 343         | 344         | 345         | 346         | 347         | 348         
 | 349         | 350         | 351         | 352         | 353         | 354         
 | 355         | 356         | 357         | 358         | 359         | 360         
 | 361         | 362         | 363         | 364         | 365         | 366         
 | 367         | 368         | 369         | 370         | 371         | 372         
 | 373         | 374         | 375         | 376         | 377         | 378         
 | 379         | 380         | 381         | 382         | 383         | 384         
 | 385         | 386         | 387         | 388         | 389         | 390         
 | 391         | 392         | 393         | 394         | 395         | 396         
 | 397         | 398         | 399         | 400         | 401         | 402         
 | 403         | 404         | 405         | 406         | 407         | 408         
 | 409         | 410         | 411         | 412         | 413         | 414         
 | 415         | 416         | 417         | 418         | 419         | 420         
 | 421         | 422         | 423         | 424         | 425         | 426         
 | 427         | 428         | 429         | 430         | 431         | 432         
 | 433         | 434         | 435         | 436         | 437         | 438         
 | 439         | 440         | 441         | 442         | 443         | 444         
 | 445         | 446         | 447         | 448         | 449         | 450         
 | 451         | 452         | 453         | 454         | 455         | 456         
 | 457         | 458         | 459         | 460         | 461         | 462         
 | 463         | 464         | 465         | 466         | 467         | 468         
 | 469         | 470         | 471         | 472         | 473         | 474         
 | 475         | 476         | 477         | 478         | 479         | 480         
 | 481         | 482         | 483         | 484         | 485         | 486         
 | 487         | 488         | 489         | 490         | 491         | 492         
 | 493         | 494         | 495         | 496         | 497         | 498         
 | 499         | 500         | 501         | 502         | 503         | 504         
 | 505         | 506         | 507         | 508         | 509         | 510         
 | 511         | 512         | 513         | 514         | 515         | 516         
 | 517         | 518         | 519         | 520         | 521         | 522         
 | 523         | 524         | 525         | 526         | 527         | 528         
 | 529         | 530         | 531         | 532         | 533         | 534         
 | 535         | 536         | 537         | 538         | 539         | 540         
 | 541         | 542         | 543         | 544         | 545         | 546         
 | 547         | 548         | 549         | 550         | 551         | 552         
 | 553         | 554         | 555         | 556         | 557         | 558         
 | 559         | 560         | 561         | 562         | 563         | 564         
 | 565         | 566         | 567         | 568         | 569         | 570         
 | 571         | 572         | 573         | 574         | 575         | 576         
 | 577         | 578         | 579         | 580         | 581         | 582         
 | 583         | 584         | 585         | 586         | 587         | 588         
 | 589         | 590         | 591         | 592         | 593         | 594         
 | 595         | 596         | 597         | 598         | 599         | 600         
 | 601         | 602         | 603         | 604         | 605         | 606         
 | 607         | 608         | 609         | 610         | 611         | 612         
 | 613         | 614         | 615         | 616         | 617         | 618         
 | 619         | 620         | 621         | 622         | 623         | 624         
 | 625         | 626         | 627         | 628         | 629         | 630         
 | 631         | 632         | 633         | 634         | 635         | 636         
 | 637         | 638         | 639         | 640         | 641         | 642         
 | 643         | 644         | 645         | 646         | 647         | 648         
 | 649         | 650         | 651         | 652         | 653         | 654         
 | 655         | 656         | 657         | 658         | 659         | 660         
 | 661         | 662         | 663         | 664         | 665         | 666         
 | 667         | 668         | 669         | 670         | 671         | 672         
 | 673         | 674         | 675         | 676         | 677         | 678         
 | 679         | 680         | 681         | 682         | 683         | 684         
 | 685         | 686         | 687         | 688         | 689         | 690         
 | 691         | 692         | 693         | 694         | 695         | 696         
 | 697         | 698         | 699         | 700         |
